2 8 17 16
3 18 6 13
1 24 2 8
3 15 3 7
2 15 12 17
0 11 7 10
2 7 2 4
3 17 9 3
2 22 9 8
0 18 11 3
1 4 1 20
1 9 18 5
2 15 13 7
0 16 16 14
2 12 16 2
1 5 4 8
1 11 6 10
1 13 4 16
1 7 14 8
0 9 3 11
0 12 16 19
0 13 3 12
3 4 12 1
0 1 19 13
2 1 14 20
2 20 14 19
1 17 17 3
0 17 12 17
0 1 6 2
1 15 4 20
1 15 11 18
3 22 1 16
3 9 7 17
1 22 6 6
3 6 19 5
3 3 12 10
3 3 10 9
3 8 0 10
3 21 18 6
3 21 1 16
0 4 4 9
2 16 13 1
0 9 4 15
0 12 3 12
1 2 19 17
3 7 17 9
3 0 14 2
3 8 9 18
1 10 18 9
3 18 8 10
0 1 3 4
2 13 6 1
2 4 8 9
1 19 17 17
3 24 10 4
3 15 12 6
2 19 5 20
2 4 9 3
0 17 17 8
0 5 8 12
0 22 19 4
0 21 0 3
2 11 5 2
2 11 18 6
0 20 4 7
1 22 8 17
2 7 4 18
0 12 0 17
3 2 19 11
3 18 13 12
2 6 13 15
3 10 19 2
0 24 19 14
0 13 10 16
2 1 4 1
0 15 16 3
3 11 5 17
2 4 7 13
0 23 19 10
2 11 2 8
1 6 13 13
3 21 19 20
0 21 19 12
3 15 5 9
2 2 4 19
0 20 2 10
1 21 10 5
0 17 12 11
1 0 2 20
2 15 18 14
2 23 4 11
1 9 19 17
3 7 14 5
1 4 13 17
3 0 0 3
0 4 13 6
3 21 4 14
2 11 6 20
2 19 2 7
1 9 2 9
1 3 12 9
2 8 16 9
0 3 3 14
0 8 10 15
2 17 8 10
2 0 8 18
2 24 3 14
1 13 13 13
1 11 12 17
0 0 17 10
0 11 14 2
0 10 8 8
0 0 16 3
1 19 19 4
2 14 8 4
1 0 7 19
3 9 15 15
0 14 15 8
1 4 9 5
1 10 3 16
0 2 18 12
1 24 7 9
3 17 3 5
2 4 2 1
1 16 6 13
2 11 0 18
1 23 1 10
1 15 16 8
2 2 10 7
1 24 14 9
2 5 12 7
2 0 6 15
0 16 18 10
2 21 7 11
0 1 11 14
3 7 12 7
3 14 12 11
3 12 10 10
2 14 15 2
1 20 7 9
2 13 10 5
1 6 6 1
1 24 5 20
2 17 5 4
2 23 13 18
3 14 7 19
2 7 11 10
3 0 18 19
0 0 14 14
1 7 13 19
3 20 17 20
3 19 2 15
3 23 11 3
2 7 12 12
3 7 1 18
3 24 7 12
1 6 17 1
2 4 18 6
0 6 16 3
3 6 16 5
0 13 18 2
2 20 12 20
1 2 16 5
3 1 7 20
0 7 19 12
2 2 16 1
1 18 3 10
3 19 5 15
3 16 15 15
0 14 13 19
2 5 2 3
2 17 13 15
1 1 6 14
2 18 14 14
1 4 2 16
3 13 10 13
1 19 6 16
3 12 13 4
0 23 5 12
2 10 17 17
3 13 10 19
0 5 11 2
1 8 9 14
3 4 5 11
3 18 5 7
3 20 9 1
2 17 3 18
1 21 5 1
3 11 10 19
2 11 12 17
1 4 10 5
3 22 14 1
0 8 18 11
3 13 10 11
2 23 19 3
0 22 2 16
0 7 14 4
2 23 0 19
2 9 2 4
0 16 3 5
2 22 14 16
1 21 5 8
0 21 9 19
3 1 13 14
3 7 8 7
0 22 4 9
2 9 11 17
3 23 12 12
3 14 6 11
0 16 9 20
2 0 9 14
2 6 18 10
3 1 7 4
3 12 12 3
3 6 10 20
2 15 10 12
1 13 14 2
3 6 0 14
1 7 7 16
1 21 4 3
3 17 17 13
1 9 6 16
0 7 15 20
1 12 3 17
1 4 9 8
2 7 1 7
0 13 2 12
2 10 5 11
3 15 14 17
0 16 12 6
3 3 5 11
0 11 18 4
0 12 2 2
3 10 8 6
2 15 17 14
2 8 3 11
1 7 7 7
3 19 11 10
0 10 19 19
2 13 13 18
0 15 19 13
3 6 17 20
2 7 12 18
3 16 8 19
3 9 16 6
0 16 14 9
1 8 18 18
0 5 14 6
1 0 17 4
3 12 2 2
2 18 19 15
3 21 5 18
1 4 2 13
0 16 12 11
2 12 19 18
1 4 15 7
0 1 10 4
0 16 17 18
0 9 11 1
0 12 10 2
0 20 5 12
1 19 1 4
0 1 0 7
3 13 4 10
2 7 4 16
1 4 12 19
0 19 10 17
0 19 9 15
2 15 6 7
3 8 9 16
1 2 13 11
1 14 11 14
3 14 8 16
1 2 13 19
3 24 15 14
0 18 0 14
2 23 11 19
0 2 5 2
2 11 3 11
2 0 15 5
0 17 19 20
0 14 9 19
0 1 3 20
3 8 4 17
3 6 6 12
0 17 12 10
0 2 11 3
3 24 18 17
1 8 7 13
1 23 2 6
1 8 16 19
1 16 6 15
1 5 5 9
2 5 9 20
0 23 2 5
0 19 1 3
0 10 6 4
0 14 8 4
1 13 13 12
0 10 5 11
3 13 18 11
3 21 9 12
3 5 15 20
0 24 14 7
0 19 9 11
2 23 13 4
3 12 14 10
3 24 19 5
2 17 6 16
3 24 6 2
2 11 13 8
3 22 13 4
2 19 14 5
3 24 19 4
1 18 12 10
0 5 13 20
3 9 15 16
1 12 9 11
2 12 17 3
2 14 5 1
3 4 17 10
0 3 12 2
1 22 3 20
0 11 18 8
1 0 2 8
3 24 9 7
2 3 8 15
2 11 7 13
0 17 1 1
2 5 14 15
1 23 13 5
0 17 11 18
1 9 16 9
1 19 15 3
3 21 9 20
0 1 12 12
1 15 3 13
1 16 7 7
0 3 10 17
1 24 13 7
2 24 14 9
1 15 2 20
3 12 18 11
2 14 13 12
1 3 4 12
3 21 18 6
0 20 1 13
2 1 18 6
0 6 5 13
3 21 11 4
1 3 5 3
3 16 14 5
2 21 7 15
1 13 19 1
0 0 12 17
2 4 13 16
2 20 7 2
2 12 16 1
1 9 3 1
1 17 16 1
3 14 15 5
2 23 4 4
1 1 11 11
0 14 5 7
1 2 19 12
3 22 4 12
3 11 11 14
3 3 14 20
1 18 3 9
3 12 3 19
2 13 0 1
2 23 18 13
2 13 15 11
3 5 2 7
1 23 12 19
2 3 17 9
0 22 16 7
3 12 17 1
1 3 12 4
3 10 7 19
2 24 1 7
3 9 5 5
1 3 3 14
0 15 1 15
1 10 0 18
1 8 9 14
2 4 16 15
3 10 5 7
2 5 12 17
1 4 12 10
3 16 15 14
0 3 7 14
0 1 2 7
3 4 0 9
0 22 15 3
0 19 0 7
1 18 14 20
2 9 8 14
3 12 6 3
2 7 7 11
1 9 16 16
0 9 4 3
3 15 16 2
1 18 7 2
1 2 0 9
0 4 1 14
0 24 15 9
2 12 10 17
2 13 11 1
3 15 14 13
2 15 13 14
0 14 14 14
2 13 2 5
3 0 18 12
1 1 11 6
1 18 13 4
1 24 15 15
1 14 6 8
3 22 0 12
3 23 17 17
3 18 1 1
3 14 11 19
2 21 3 5
1 17 0 8
3 24 13 11
0 7 9 10
2 23 12 8
1 4 15 3
0 15 3 16
2 14 5 17
0 3 12 1
0 7 7 4
1 15 6 18
3 5 18 9
2 19 7 19
3 20 1 1
0 8 7 4
0 7 11 16
3 3 8 3
3 18 18 1
0 18 9 14
3 3 14 14
1 7 3 10
0 21 2 1
1 12 15 8
2 4 14 20
2 6 13 2
3 13 13 19
2 24 4 16
2 11 0 12
3 23 0 1
2 0 12 13
3 4 19 19
2 0 17 19
2 11 0 7
1 14 17 6
1 23 0 10
0 13 12 7
1 4 18 17
2 2 8 12
0 19 1 7
2 24 5 11
1 1 9 8
2 15 12 19
1 24 0 3
0 7 8 2
3 17 9 18
2 19 8 20
2 18 5 13
2 5 14 14
3 7 0 11
1 21 8 1
0 15 14 8
3 0 1 15
2 17 11 4
0 20 14 19
0 17 10 3
1 9 8 15
0 5 4 3
0 20 2 8
1 0 15 3
0 17 16 7
0 5 9 12
0 12 9 15
0 23 8 3
0 7 16 18
0 22 19 15
2 5 2 3
1 23 16 16
0 17 13 20
2 24 10 17
0 10 2 19
3 14 1 2
1 11 10 1
2 15 15 8
1 16 1 20
1 8 6 16
3 1 14 19
1 15 6 17
1 19 14 14
3 11 6 20
0 22 0 20
3 20 6 7
3 8 17 7
3 11 13 18
3 21 7 13
2 21 0 18
2 20 10 12
0 2 10 12
2 0 10 8
0 11 14 10
3 20 15 12
0 1 0 18
0 0 1 17
1 24 14 10
0 3 12 3
2 0 13 3
3 2 9 11
3 1 0 7
3 24 9 3
1 3 19 9
1 14 16 4
2 16 4 15
0 9 16 5
1 21 18 1
3 9 10 16
2 0 1 7
2 0 8 19
3 14 18 14
2 19 9 12
1 2 17 17
2 17 12 6
2 20 5 13
3 24 7 17
1 8 2 1
2 13 18 8
0 14 13 19
2 5 9 8
3 9 15 2
3 13 18 1
3 4 12 12
0 18 7 14
2 13 13 9
3 21 16 11
1 24 9 2
2 20 9 15
0 19 8 3
2 4 15 14
3 14 4 18
0 1 10 5
3 13 13 15
1 1 5 6
2 19 6 10
3 6 15 7
3 9 0 1
3 7 13 9
2 20 5 7
3 16 3 5
0 15 10 9
3 11 13 16
3 1 4 11
3 1 8 16
0 22 15 2
0 6 9 12
2 17 9 1
0 1 4 4
3 22 11 14
0 17 0 17
0 9 18 11
2 3 17 16
0 19 16 11
1 0 13 20
3 21 0 5
0 19 7 5
2 3 9 7
2 11 14 6
0 8 8 7
1 23 13 5
1 5 7 8
0 8 18 10
2 7 13 20
0 7 15 11
0 2 8 1
2 1 6 6
2 6 3 5
1 1 1 14
0 10 12 10
3 0 10 9
0 6 7 9
2 3 11 4
3 18 3 6
1 14 2 13
1 7 9 12
2 19 4 18
1 3 6 19
0 10 6 2
1 9 2 6
1 14 8 19
3 19 15 11
1 10 3 5
0 21 15 14
0 17 10 1
0 14 10 10
1 6 2 2
0 14 18 15
2 9 4 15
3 6 16 19
3 10 3 7
2 13 19 6
1 20 17 12
0 4 12 7
3 17 19 4
1 4 17 10
1 22 15 1
3 24 19 5
2 11 3 7
2 9 12 8
1 21 18 6
3 16 3 11
2 11 14 18
3 10 18 3
1 12 15 14
2 17 18 1
1 5 6 5
2 10 3 12
2 2 9 6
0 0 16 4
2 21 0 7
3 10 9 15
0 19 8 2
2 20 1 3
0 4 18 7
2 13 10 3
3 9 8 2
0 10 4 7
0 23 13 16
2 22 2 5
2 10 17 13
3 15 6 12
0 24 9 10
3 21 4 3
0 0 3 7
3 18 12 19
1 1 13 16
3 13 19 6
1 19 9 10
3 5 12 12
2 0 0 7
0 13 9 5
0 3 10 9
2 19 18 13
0 4 7 8
3 14 13 10
2 23 10 9
3 0 19 11
3 4 8 3
1 13 6 9
0 4 9 19
3 3 10 8
1 11 6 4
3 15 4 9
2 1 16 17
3 16 18 3
2 9 5 20
3 4 7 19
0 7 8 8
2 1 14 20
0 1 2 13
2 19 0 3
1 18 18 7
0 3 9 8
2 2 18 19
2 24 8 2
0 21 0 15
2 8 14 3
0 14 14 16
2 15 17 1
3 10 6 5
3 8 3 18
2 8 8 4
0 0 16 7
1 24 1 20
3 3 1 3
3 18 17 11
2 12 10 18
1 18 1 9
1 24 6 19
2 9 13 20
1 11 17 16
2 21 15 3
0 17 16 14
2 17 3 7
2 10 3 7
1 13 14 20
0 9 9 14
2 18 4 6
1 4 12 3
3 19 4 2
1 6 6 9
2 2 14 20
1 21 5 12
0 1 2 13
0 7 17 4
1 21 0 11
0 2 13 12
1 15 4 9
3 10 8 18
2 13 17 2
2 13 4 3
2 4 14 20
0 3 2 6
2 2 7 5
0 4 15 7
0 15 14 1
2 23 10 9
3 21 9 13
1 18 14 9
0 1 7 3
1 24 19 3
2 8 6 18
2 17 16 10
2 21 9 10
3 0 17 14
2 20 5 5
3 8 4 7
3 2 8 17
3 7 10 8
1 16 4 14
0 21 14 18
3 0 18 1
3 7 13 18
3 7 13 13
1 0 18 3
3 10 11 5
1 1 11 13
0 23 17 2
3 10 10 8
0 4 7 7
1 4 3 17
1 24 8 15
3 16 9 8
0 8 11 5
3 23 9 5
2 3 5 16
0 7 3 2
2 18 7 1
2 5 16 12
1 21 18 19
3 1 17 15
0 24 10 13
3 2 16 3
2 10 18 13
1 7 13 3
0 22 14 16
3 14 6 19
0 10 8 9
1 8 2 15
0 12 7 6
3 21 7 7
1 24 10 4
3 2 18 11
0 5 5 2
3 10 11 16
3 13 3 4
1 11 18 7
1 2 11 11
2 20 8 3
2 13 17 11
3 11 0 9
1 15 1 16
1 16 3 10
2 19 12 14
2 16 19 11
2 2 12 1
0 15 14 1
3 13 11 20
3 4 19 20
0 11 6 15
1 17 3 3
3 3 15 17
2 0 6 10
2 6 9 17
3 18 9 9
0 12 7 19
2 15 17 9
3 15 2 9
1 5 2 6
1 7 1 8
3 23 16 20
2 14 7 8
0 23 15 13
2 8 10 17
3 4 16 7
3 5 6 13
0 8 17 6
2 22 12 13
1 4 3 19
3 6 17 17
0 16 9 13
3 20 8 7
0 23 12 11
3 0 14 5
3 9 9 10
2 23 1 3
1 10 12 7
1 20 14 12
3 20 15 8
3 22 13 3
1 5 4 8
2 21 11 9
1 14 17 3
2 17 16 15
0 12 12 20
2 16 3 19
2 17 5 10
2 7 3 15
3 17 1 17
1 15 4 7
1 8 0 6
0 16 19 12
3 3 10 10
1 22 19 12
0 2 12 7
3 16 0 6
1 14 1 20
1 13 17 17
1 18 13 3
0 20 13 6
3 7 6 6
1 24 8 14
1 23 19 20
3 1 17 12
2 14 2 16
0 8 11 7
1 19 0 16
1 6 12 10
3 19 6 11
2 21 3 11
2 0 1 5
2 5 15 2
1 19 16 18
0 4 15 20
0 7 6 19
2 6 19 3
1 24 4 7
3 22 16 8
1 11 11 19
2 16 0 18
0 18 6 10
1 21 8 6
2 19 16 12
3 2 5 7
2 3 12 6
0 4 12 4
0 18 1 7
1 1 3 15
1 20 16 19
0 12 4 13
0 13 15 1
0 22 18 1
3 22 5 5
2 8 7 2
0 3 7 5
2 12 11 13
3 1 2 7
2 18 10 19
1 23 10 19
1 4 18 5
0 12 8 8
3 3 9 9
0 13 4 18
3 1 9 15
0 14 0 11
2 15 8 2
3 7 19 10
1 15 13 5
1 17 11 8
0 8 15 4
0 16 1 13
2 14 6 15
3 1 16 10
0 14 10 10
1 5 10 8
3 17 3 13
3 13 11 17
3 11 11 13
0 16 16 11
3 12 16 6
0 12 14 4
0 14 4 17
2 22 16 13
3 4 16 18
3 8 5 3
1 11 14 18
3 11 8 1
0 16 6 1
0 24 15 19
0 22 14 7
2 11 10 17
2 7 5 13
3 14 14 13
1 15 10 14
2 14 14 11
0 11 2 8
1 22 5 2
0 14 0 17
2 17 12 5
1 9 9 16
3 5 7 1
1 24 14 9
0 24 10 19
0 2 5 17
3 7 18 12
2 13 7 18
3 7 14 2
3 21 16 14
0 13 6 4
0 5 3 18
2 7 15 17
0 8 12 13
2 23 4 19
3 7 8 6
2 7 18 9
3 12 13 16
3 23 10 9
2 11 5 16
0 22 11 3
0 5 15 9
3 8 19 4
3 4 0 2
2 1 1 19
3 22 13 1
0 11 1 19
2 2 5 15
1 23 16 9
3 0 8 16
3 22 10 18
2 21 10 8
0 13 17 11
3 7 3 14
0 7 3 10
1 1 15 10
3 18 17 16
2 23 10 18
1 17 14 17
1 5 15 9
1 24 19 17
2 6 1 16
1 0 16 17
3 13 6 9
3 2 3 18
1 18 15 12
1 23 7 7
2 18 14 8
1 22 3 4
1 17 18 10
2 1 6 5
0 5 12 1
3 4 17 6
0 14 16 16
3 16 1 5
3 9 12 18
3 1 0 1
3 6 10 3
0 0 6 4
2 12 3 12
0 24 16 7
0 22 1 4
2 21 19 2
3 1 10 3
2 6 15 8
1 8 10 12
0 5 6 18
1 16 0 13
1 23 18 11
3 8 5 18
1 22 10 20
0 13 13 12
0 9 19 1
1 20 3 11
1 1 19 13
0 20 17 4
3 9 6 15
3 14 3 9
1 15 7 2
1 0 12 13
3 21 12 8
3 19 9 7
1 19 10 15
3 21 9 11
3 0 16 7
0 6 14 12
2 0 4 4
1 10 15 17
3 22 15 18
1 14 3 19
1 11 4 8
1 6 9 9
1 11 14 13
0 24 15 16